combntns([1:12],4)%   C 12 4 从12选择4个组合

ans =

     1     2     3     4
     1     2     3     5
     1     2     3     6
     1     2     3     7
     1     2     3     8
  等等
perms（x）给出向量x 所有排列